%%MatrixMarket matrix coordinate real general
8 8 64
1 1  11111111
2 1  -9090909
3 1  -10891089
4 1  8910891
5 1  -11108889
6 1  9089091
7 1  10888911
8 1  -8909109
1 2  -9090909
2 2  11111111
3 2  8910891
4 2  -10891089
5 2  9089091
6 2  -11108889
7 2  -8909109
8 2  10888911
1 3  -10891089
2 3  8910891
3 3  11111111
4 3  -9090909
5 3  10888911
6 3  -8909109
7 3  -11108889
8 3  9089091
1 4  8910891
2 4  -10891089
3 4  -9090909
4 4  11111111
5 4  -8909109
6 4  10888911
7 4  9089091
8 4  -11108889
1 5  -11108889
2 5  9089091
3 5  10888911
4 5  -8909109
5 5  11111111
6 5  -9090909
7 5  -10891089
8 5  8910891
1 6  9089091
2 6  -11108889
3 6  -8909109
4 6  10888911
5 6  -9090909
6 6  11111111
7 6  8910891
8 6  -10891089
1 7  10888911
2 7  -8909109
3 7  -11108889
4 7  9089091
5 7  -10891089
6 7  8910891
7 7  11111111
8 7  -9090909
1 8  -8909109
2 8  10888911
3 8  9089091
4 8  -11108889
5 8  8910891
6 8  -10891089
7 8  -9090909
8 8  11111111
